-2.088173180818557739e-01
1.280911713838577271e-01
-6.455088853836059570e-01
7.412856221199035645e-01
2.190950512886047363e-01
-3.870245814323425293e-01
5.577281117439270020e-01
2.829882502555847168e-01
1.704455763101577759e-01
5.313670635223388672e-01
5.237829089164733887e-01
9.286521375179290771e-02
3.086996674537658691e-01
-8.611305356025695801e-01
-3.811731934547424316e-02
3.986402153968811035e-01
1.234810799360275269e-01
-5.011962056159973145e-01
-6.550549864768981934e-01
-6.650674343109130859e-01
2.909868955612182617e-01
2.191757410764694214e-02
2.038198262453079224e-01
-3.166335821151733398e-01
-8.387105464935302734e-01
-9.758488088846206665e-02
-2.870323956012725830e-01
3.259244859218597412e-01
6.925661563873291016e-01
1.798672676086425781e-01
-6.043102145195007324e-01
1.734148859977722168e-01
-4.365349113941192627e-01
7.495100498199462891e-01
-8.600258231163024902e-01
6.622390747070312500e-01
-3.576454520225524902e-01
-7.520181126892566681e-03
6.349717974662780762e-01
4.581710323691368103e-02
-6.135099381208419800e-02
-3.218992948532104492e-01
2.060303688049316406e-01
-1.930267959833145142e-01
3.187393248081207275e-01
3.667595088481903076e-01
1.652618199586868286e-01
4.693396687507629395e-01
4.239570796489715576e-01
6.977959275245666504e-01
-5.077380686998367310e-02
9.032088518142700195e-01
-1.191726326942443848e+00
-2.283637179061770439e-03
5.256171151995658875e-02
-2.695083916187286377e-01
-7.877933979034423828e-01
3.730131983757019043e-01
2.061865627765655518e-01
6.592238545417785645e-01
9.995458722114562988e-01
1.932401657104492188e-01
-5.044912546873092651e-02
3.890179991722106934e-01
-9.077141433954238892e-02
-4.692567586898803711e-01
3.896789625287055969e-03
6.259849071502685547e-01
-4.714883863925933838e-01
6.563051138073205948e-03
-1.823869347572326660e-01
6.999409198760986328e-01
1.763781458139419556e-01
3.861123025417327881e-01
-4.470717906951904297e-01
5.765828490257263184e-01
4.728438854217529297e-01
-1.820956915616989136e-01
-3.165985643863677979e-02
-4.339471459388732910e-02
5.005503892898559570e-01
3.669669628143310547e-01
1.366634070873260498e-01
1.073241904377937317e-01
-3.183496594429016113e-01
-1.058848500251770020e+00
1.198066491633653641e-02
-9.210686683654785156e-01
3.702912032604217529e-01
2.452466338872909546e-01
-2.410717308521270752e-01
1.635880619287490845e-01
-2.937896847724914551e-01
-1.302427947521209717e-01
1.808298379182815552e-01
-4.163462519645690918e-01
-7.021119594573974609e-01
2.022053897380828857e-01
8.942423760890960693e-02
3.489654064178466797e-01
-3.312410712242126465e-01
5.836839601397514343e-02
4.933391511440277100e-01
-4.166904687881469727e-01
4.585065841674804688e-01
4.981085956096649170e-01
3.346883654594421387e-01
2.804533345624804497e-03
-3.281615301966667175e-02
5.838530063629150391e-01
3.961399495601654053e-01
4.101818203926086426e-01
-1.113446593284606934e+00
-1.039361119270324707e+00
4.671057313680648804e-02
-2.921509146690368652e-01
-8.205879926681518555e-01
-2.435707002878189087e-01
1.822977513074874878e-01
5.887434482574462891e-01
-3.973163962364196777e-01
3.644066452980041504e-01
-1.353495866060256958e-01
-3.009182214736938477e-01
-3.945487439632415771e-01
-2.323652654886245728e-01
7.165246009826660156e-01
5.707301497459411621e-01
