8.904920816421508789e-01
6.385627388954162598e-01
1.019851326942443848e+00
3.597255647182464600e-01
1.286689877510070801e+00
-8.240511417388916016e-01
-1.271095424890518188e-01
3.804443478584289551e-01
4.363789558410644531e-01
-6.805946230888366699e-01
-5.000069141387939453e-01
4.577589631080627441e-01
-4.055690169334411621e-01
2.078277915716171265e-01
2.625925242900848389e-01
-4.217262566089630127e-01
-3.505125045776367188e-01
-1.418771386146545410e+00
-1.605220697820186615e-02
1.693050712347030640e-01
-1.073716998100280762e+00
-4.302478134632110596e-01
1.177474707365036011e-01
3.082788288593292236e-01
4.328810051083564758e-02
6.067556738853454590e-01
-6.547324061393737793e-01
-2.710017561912536621e-01
4.914426803588867188e-01
-7.750499062240123749e-03
-6.085606217384338379e-01
-5.021128058433532715e-01
-1.859088689088821411e-01
2.105447053909301758e-01
1.906325519084930420e-01
6.719036102294921875e-01
4.410487115383148193e-01
-7.868122458457946777e-01
-4.067281186580657959e-01
-2.696478068828582764e-01
1.384866356849670410e+00
1.923946589231491089e-01
6.624912619590759277e-01
-1.438160538673400879e-01
9.799566864967346191e-01
4.325127601623535156e-01
-3.275276720523834229e-02
1.610591709613800049e-01
4.225122928619384766e-02
5.132256746292114258e-01
1.026648998260498047e+00
-5.788636207580566406e-01
1.145969927310943604e-01
-9.789161086082458496e-01
3.384468257427215576e-01
4.301889240741729736e-01
1.504421085119247437e-01
4.097336828708648682e-01
1.919980347156524658e-01
-7.353642582893371582e-02
-6.303054094314575195e-01
-4.409275650978088379e-01
7.346742749214172363e-01
-2.158664911985397339e-01
6.034381985664367676e-01
2.622984349727630615e-01
5.555082559585571289e-01
-3.684039413928985596e-01
3.824399709701538086e-01
4.949016273021697998e-01
1.106160044670104980e+00
-1.417292356491088867e-01
-1.362035572528839111e-01
1.519801139831542969e+00
-1.078324079513549805e+00
2.587950825691223145e-01
-1.656561046838760376e-01
-9.937720000743865967e-02
-1.168671920895576477e-01
-2.930572926998138428e-01
8.955054283142089844e-01
-1.619678884744644165e-01
4.923469424247741699e-01
6.078476309776306152e-01
-2.219415083527565002e-02
4.077610075473785400e-01
-8.022231608629226685e-02
-4.583622813224792480e-01
-4.954494908452033997e-02
6.412088274955749512e-01
1.628899276256561279e-01
-8.561199307441711426e-01
1.058546423912048340e+00
2.565818130970001221e-01
3.642047643661499023e-01
-4.535122513771057129e-01
3.785083442926406860e-02
-6.059150770306587219e-02
1.015370011329650879e+00
-9.329854510724544525e-03
-5.494286417961120605e-01
-8.674723505973815918e-01
2.793024061247706413e-03
3.581325411796569824e-01
-3.191029727458953857e-01
6.526805162429809570e-01
-3.269403874874114990e-01
4.665852785110473633e-01
-7.412000894546508789e-01
3.745236396789550781e-01
5.372173190116882324e-01
2.052465640008449554e-02
-1.184304237365722656e+00
-5.840607881546020508e-01
2.277632653713226318e-01
8.146481961011886597e-02
6.092944145202636719e-01
1.128430843353271484e+00
-9.151937440037727356e-03
4.574701189994812012e-01
-1.185755014419555664e+00
-5.314155220985412598e-01
-2.308861464262008667e-01
2.456012666225433350e-01
-1.338114142417907715e+00
-2.735598087310791016e-01
-1.143598318099975586e+00
-1.420394182205200195e-01
