4.880588054656982422e-01
-3.709331527352333069e-02
5.941669344902038574e-01
8.228544592857360840e-01
5.428854003548622131e-02
5.116386339068412781e-02
3.451383113861083984e-01
-5.441902205348014832e-02
1.192963346838951111e-01
-2.007045745849609375e-01
4.694598317146301270e-01
-3.608880341053009033e-01
3.224440813064575195e-01
-6.354563236236572266e-01
8.073840290307998657e-02
-2.683033645153045654e-01
2.827347815036773682e-01
-1.094660088419914246e-01
2.639693915843963623e-01
1.021064668893814087e-01
5.683926120400428772e-02
-7.860263586044311523e-01
5.845824480056762695e-01
-4.726276919245719910e-02
9.268401563167572021e-02
-4.870548844337463379e-01
3.565623760223388672e-01
-3.555535078048706055e-01
1.030053570866584778e-01
6.567414999008178711e-01
-3.487307429313659668e-01
-4.416330456733703613e-01
4.055208563804626465e-01
-1.350854933261871338e-01
1.252647042274475098e-01
3.252599537372589111e-01
-6.091542840003967285e-01
-4.417068958282470703e-01
-3.375116586685180664e-01
-5.270116925239562988e-01
4.030808508396148682e-01
-3.554141148924827576e-03
4.474724829196929932e-01
2.905500829219818115e-01
2.683496177196502686e-01
9.242110848426818848e-01
-1.453172117471694946e-01
1.953887641429901123e-01
6.748990416526794434e-01
1.837627291679382324e-01
4.840604364871978760e-01
3.491004407405853271e-01
-2.260842323303222656e-01
-1.984195113182067871e-01
-6.606202572584152222e-02
-1.362345218658447266e-01
-3.491910099983215332e-01
2.978065013885498047e-01
1.085621886886656284e-03
7.064643502235412598e-02
4.590281751006841660e-03
3.719528615474700928e-01
1.101172938942909241e-01
5.658743381500244141e-01
2.828569114208221436e-01
-1.422678381204605103e-01
2.854871749877929688e-02
4.784592688083648682e-01
2.675337493419647217e-01
3.596977591514587402e-01
-6.680393815040588379e-01
6.737862527370452881e-02
-5.722537636756896973e-01
3.775942027568817139e-01
-4.459328353404998779e-01
-1.859447173774242401e-02
2.491871565580368042e-01
1.659444123506546021e-01
-1.273391246795654297e-01
-5.971977710723876953e-01
2.945292294025421143e-01
1.089638173580169678e-01
5.532219409942626953e-01
-4.050631225109100342e-01
1.515714973211288452e-01
-4.192369580268859863e-01
-3.174565732479095459e-01
3.111608512699604034e-02
3.653066456317901611e-01
-8.200180530548095703e-02
6.840469837188720703e-01
1.154272630810737610e-01
3.823802173137664795e-01
-3.033669888973236084e-01
1.030152812600135803e-01
-5.588169097900390625e-01
3.136210143566131592e-02
3.711160123348236084e-01
-1.400222331285476685e-01
3.031728565692901611e-01
7.276886105537414551e-01
-1.488217562437057495e-01
-1.398059818893671036e-02
-5.560785531997680664e-01
2.316512018442153931e-01
6.898458003997802734e-01
2.748273611068725586e-01
4.836818277835845947e-01
-3.206765949726104736e-01
9.465331435203552246e-01
2.202837020158767700e-01
-3.408247828483581543e-01
-4.942460060119628906e-01
2.830317318439483643e-01
5.729006230831146240e-02
2.563288509845733643e-01
1.721405237913131714e-01
-4.226013720035552979e-01
-3.620433211326599121e-01
2.584659457206726074e-01
4.286809265613555908e-01
-1.505844015628099442e-02
1.999848037958145142e-01
-8.363090455532073975e-02
-5.031747817993164062e-01
-6.564268469810485840e-02
3.796854615211486816e-01
3.163869082927703857e-01
