3.182122111320495605e-02
-1.985535472631454468e-01
-9.853854775428771973e-02
2.937375605106353760e-01
2.677805125713348389e-01
3.252023160457611084e-01
5.099717974662780762e-01
-8.731791973114013672e-01
4.446070790290832520e-01
8.048104494810104370e-02
-2.187957018613815308e-01
-7.143977284431457520e-01
-1.753560900688171387e-01
-6.215432286262512207e-01
2.237699478864669800e-01
-6.836254149675369263e-02
4.027552008628845215e-01
-5.925432443618774414e-01
-9.519916772842407227e-02
-1.553682684898376465e-01
6.482255458831787109e-01
-3.640320599079132080e-01
4.655074775218963623e-01
-5.024520754814147949e-01
-4.200156927108764648e-01
-4.999775588512420654e-01
3.963785171508789062e-01
2.281756252050399780e-01
-7.016891986131668091e-02
4.324950277805328369e-01
-5.155820846557617188e-01
4.378246665000915527e-01
-9.736410342156887054e-03
6.181240081787109375e-01
7.400737702846527100e-02
6.770831346511840820e-01
-9.550847858190536499e-02
6.279677152633666992e-01
4.300332069396972656e-02
-6.742001771926879883e-01
6.232337355613708496e-01
1.922935545444488525e-01
8.715630322694778442e-02
-5.794107317924499512e-01
-5.795013532042503357e-02
-2.137869894504547119e-01
-3.427514433860778809e-01
1.546090841293334961e-01
1.812371015548706055e-01
4.787321090698242188e-01
-5.683338046073913574e-01
1.019804000854492188e+00
3.735097050666809082e-01
5.349327921867370605e-01
-7.230467349290847778e-02
-2.018528878688812256e-01
1.972919851541519165e-01
1.365868300199508667e-01
2.095438092947006226e-01
3.988199234008789062e-01
-7.840634323656558990e-03
-4.151186943054199219e-01
-3.417372331023216248e-02
4.034691452980041504e-01
-1.423760652542114258e-01
5.755611658096313477e-01
-1.046775504946708679e-01
1.320443987846374512e+00
-3.782664537429809570e-01
-8.513928949832916260e-02
-6.547114998102188110e-02
2.836591303348541260e-01
-9.148144163191318512e-03
-1.703554689884185791e-01
5.190830230712890625e-01
-6.709122061729431152e-01
1.106380969285964966e-01
-1.593850106000900269e-01
-3.717536032199859619e-01
-2.991549372673034668e-01
1.722398698329925537e-01
1.232345342636108398e+00
6.086267828941345215e-01
-1.034253835678100586e+00
5.938659422099590302e-03
1.083392649888992310e-01
9.370172023773193359e-02
2.537726461887359619e-01
-4.445570707321166992e-01
2.104084789752960205e-01
-1.159615516662597656e-01
-5.026969127357006073e-03
-1.988370865583419800e-01
-3.313808739185333252e-01
-6.072196960449218750e-01
-2.700462043285369873e-01
-6.962147951126098633e-01
-2.337775975465774536e-01
-7.440206408500671387e-01
1.160722494125366211e+00
-3.576985597610473633e-01
-3.054614365100860596e-01
1.092044949531555176e+00
-4.851677417755126953e-01
3.737237453460693359e-01
4.527775943279266357e-01
2.777049541473388672e-01
-1.883578598499298096e-01
-1.406958550214767456e-01
1.282476931810379028e-01
4.439683556556701660e-01
-6.403316259384155273e-01
-3.717142045497894287e-01
-4.222120344638824463e-01
6.347072124481201172e-02
-3.058288693428039551e-01
5.001539587974548340e-01
-5.366045236587524414e-01
-2.306794822216033936e-01
6.001529693603515625e-01
1.117131412029266357e-01
-4.308395087718963623e-01
2.467675656080245972e-01
-3.115955553948879242e-02
-1.857272908091545105e-02
-6.837560534477233887e-01
1.872322857379913330e-01
-7.017381722107529640e-04
